 1.02880E+15   2.30889E-40 
 1.24260E+15   6.79297E-39 
 1.47660E+15   1.48922E-37 
 1.73070E+15   2.54570E-36 
 2.00500E+15   3.52272E-35 
 2.29950E+15   4.06072E-34 
 2.61410E+15   3.98763E-33 
 2.94890E+15   3.40237E-32 
 3.30390E+15   2.56198E-31 
 3.67900E+15   1.72403E-30 
 4.07430E+15   1.04883E-29 
 4.48980E+15   5.82220E-29 
 4.92540E+15   2.97141E-28 
 5.38120E+15   1.40420E-27 
 5.85720E+15   6.17954E-27 
 6.35330E+15   2.54387E-26 
 6.86960E+15   9.83723E-26 
 7.40610E+15   3.58419E-25 
 7.96270E+15   1.23260E-24 
 8.53950E+15   4.00466E-24 
 9.13650E+15   1.22763E-23 
 9.75370E+15   3.53383E-23 
 1.03910E+16   9.43182E-23 
 1.10480E+16   2.25247E-22 
 1.17260E+16   4.12870E-22 
 1.24240E+16   1.23192E-22 
 1.31420E+16   3.52881E-22 
 1.38800E+16   9.81296E-22 
 1.46380E+16   2.65333E-21 
 1.54170E+16   6.99456E-21 
 1.62150E+16   1.79562E-20 
 1.70340E+16   4.50534E-20 
 1.78730E+16   1.10479E-19 
 1.87320E+16   2.65055E-19 
 1.96120E+16   6.23378E-19 
 2.05110E+16   1.43578E-18 
 2.14310E+16   3.24738E-18 
 2.23710E+16   7.21165E-18 
 2.33310E+16   1.57371E-17 
 2.43110E+16   3.37690E-17 
 2.53110E+16   7.13032E-17 
 2.63320E+16   1.48347E-16 
 2.73720E+16   3.03853E-16 
 2.84330E+16   6.13915E-16 
 2.95140E+16   1.22332E-15 
 3.06150E+16   2.40535E-15 
 3.17370E+16   4.67178E-15 
 3.28780E+16   8.95640E-15 
 3.40400E+16   1.69751E-14 
 3.52220E+16   3.18014E-14 
 3.64240E+16   5.89116E-14 
 3.76460E+16   1.07953E-13 
 3.88880E+16   1.95747E-13 
 4.01500E+16   3.51342E-13 
 4.14330E+16   6.24691E-13 
 4.27360E+16   1.10008E-12 
 4.40590E+16   1.91927E-12 
 4.54020E+16   3.31829E-12 
 4.67650E+16   5.68684E-12 
 4.81490E+16   9.66669E-12 
 4.95530E+16   1.62954E-11 
 5.09760E+16   2.72377E-11 
 5.24200E+16   4.51863E-11 
 5.38850E+16   7.44126E-11 
 5.53690E+16   1.21585E-10 
 5.68730E+16   1.97212E-10 
 5.83980E+16   3.17704E-10 
 5.99430E+16   5.08251E-10 
 6.15080E+16   8.07551E-10 
 6.30930E+16   1.27457E-09 
 6.46990E+16   1.99914E-09 
 6.63240E+16   3.11477E-09 
 6.79700E+16   4.82398E-09 
 6.96360E+16   7.42531E-09 
 7.13220E+16   1.13607E-08 
 7.30280E+16   1.72792E-08 
 7.47540E+16   2.61285E-08 
 7.65010E+16   3.92933E-08 
 7.82670E+16   5.87451E-08 
 8.00540E+16   8.73586E-08 
 8.18610E+16   1.29196E-07 
 8.36880E+16   1.90035E-07 
 8.55360E+16   2.78077E-07 
 8.74030E+16   4.04656E-07 
 8.92910E+16   5.85843E-07 
 9.11990E+16   8.43668E-07 
 9.31270E+16   1.20853E-06 
 9.50750E+16   1.72199E-06 
 9.70430E+16   2.44051E-06 
 9.90320E+16   3.44072E-06 
 1.01040E+17   4.82339E-06 
 1.03070E+17   6.72589E-06 
 1.05120E+17   9.32436E-06 
 1.07190E+17   1.28487E-05 
 1.09280E+17   1.75930E-05 
 1.11390E+17   2.39264E-05 
 1.13520E+17   3.23019E-05 
 1.15670E+17   4.32574E-05 
 1.17840E+17   5.73987E-05 
 1.20030E+17   7.53475E-05 
 1.22240E+17   9.76161E-05 
 1.24470E+17   1.24328E-04 
 1.26720E+17   1.54600E-04 
 1.28990E+17   1.85034E-04 
 1.31280E+17   2.05095E-04 
 1.33590E+17   1.66176E-04 
 1.35920E+17   1.27328E-04 
 1.38270E+17   1.73344E-04 
 1.40650E+17   2.35543E-04 
 1.43040E+17   3.18646E-04 
 1.45450E+17   4.29742E-04 
 1.47880E+17   5.77806E-04 
 1.50330E+17   7.74547E-04 
 1.52810E+17   1.03640E-03 
 1.55300E+17   1.38105E-03 
 1.57810E+17   1.83496E-03 
 1.60340E+17   2.43102E-03 
 1.62900E+17   3.21495E-03 
 1.65470E+17   4.23494E-03 
 1.68070E+17   5.56859E-03 
 1.70680E+17   7.29392E-03 
 1.73310E+17   9.52708E-03 
 1.75970E+17   1.24215E-02 
 1.78640E+17   1.61340E-02 
 1.81340E+17   2.09174E-02 
 1.84050E+17   2.70170E-02 
 1.86780E+17   3.47972E-02 
 1.89540E+17   4.47313E-02 
 1.92310E+17   5.72844E-02 
 1.95110E+17   7.32112E-02 
 1.97930E+17   9.32871E-02 
 2.00760E+17   1.18408E-01 
 2.03620E+17   1.49951E-01 
 2.06490E+17   1.89134E-01 
 2.09390E+17   2.37952E-01 
 2.12300E+17   2.98095E-01 
 2.15240E+17   3.72354E-01 
 2.18200E+17   4.63286E-01 
 2.21170E+17   5.73575E-01 
 2.24170E+17   7.07349E-01 
 2.27190E+17   8.67839E-01 
 2.30230E+17   1.05853E+00 
 2.33280E+17   1.28159E+00 
 2.36360E+17   1.54002E+00 
 2.39460E+17   1.83183E+00 
 2.42580E+17   2.14992E+00 
 2.45710E+17   2.47471E+00 
 2.48870E+17   2.76505E+00 
 2.52050E+17   2.91108E+00 
 2.55250E+17   2.45728E+00 
 2.58470E+17   2.04304E+00 
 2.61710E+17   2.53903E+00 
 2.64970E+17   3.14948E+00 
 2.68240E+17   3.89685E+00 
 2.71540E+17   4.81566E+00 
 2.74860E+17   5.93993E+00 
 2.78200E+17   7.31280E+00 
 2.81560E+17   8.98586E+00 
 2.84940E+17   1.10206E+01 
 2.88340E+17   1.34899E+01 
 2.91760E+17   1.64801E+01 
 2.95200E+17   2.00933E+01 
 2.98670E+17   2.44627E+01 
 3.02150E+17   2.97037E+01 
 3.05650E+17   3.59911E+01 
 3.09170E+17   4.35137E+01 
 3.12710E+17   5.24895E+01 
 3.16270E+17   6.31670E+01 
 3.19850E+17   7.58279E+01 
 3.23460E+17   9.08329E+01 
 3.27080E+17   1.08448E+02 
 3.30720E+17   1.29090E+02 
 3.34380E+17   1.53157E+02 
 3.38060E+17   1.81054E+02 
 3.41770E+17   2.13257E+02 
 3.45490E+17   2.49912E+02 
 3.49230E+17   2.91284E+02 
 3.53000E+17   3.37429E+02 
 3.56780E+17   3.87572E+02 
 3.60580E+17   4.40488E+02 
 3.64410E+17   4.93465E+02 
 3.68250E+17   5.40339E+02 
 3.72120E+17   5.68031E+02 
 3.76000E+17   5.33800E+02 
 3.79900E+17   4.10603E+02 
 3.83830E+17   4.89038E+02 
 3.87770E+17   5.81368E+02 
 3.91740E+17   6.90432E+02 
 3.95720E+17   8.18401E+02 
 3.99730E+17   9.69049E+02 
 4.03750E+17   1.14520E+03 
 4.07800E+17   1.35180E+03 
 4.11870E+17   1.59310E+03 
 4.15950E+17   1.87358E+03 
 4.20060E+17   2.20050E+03 
 4.24180E+17   2.57879E+03 
 4.28330E+17   3.01751E+03 
 4.32500E+17   3.52376E+03 
 4.36680E+17   4.10457E+03 
 4.40890E+17   4.77179E+03 
 4.45120E+17   5.53352E+03 
 4.49360E+17   6.39694E+03 
 4.53630E+17   7.37488E+03 
 4.57920E+17   8.47277E+03 
 4.62230E+17   9.69518E+03 
 4.66560E+17   1.10419E+04 
 4.70900E+17   1.25009E+04 
 4.75270E+17   1.40569E+04 
 4.79660E+17   1.56614E+04 
 4.84070E+17   1.72272E+04 
 4.88500E+17   1.85853E+04 
 4.92950E+17   1.93695E+04 
 4.97420E+17   1.84518E+04 
 5.01900E+17   1.46901E+04 
 5.06410E+17   1.70376E+04 
 5.10940E+17   1.97364E+04 
 5.15490E+17   2.28343E+04 
 5.20060E+17   2.63845E+04 
 5.24650E+17   3.04462E+04 
 5.29260E+17   3.50844E+04 
 5.33890E+17   4.03706E+04 
 5.38540E+17   4.63819E+04 
 5.43220E+17   5.32170E+04 
 5.47910E+17   6.09350E+04 
 5.52620E+17   6.96416E+04 
 5.57350E+17   7.94297E+04 
 5.62100E+17   9.03907E+04 
 5.66870E+17   1.02608E+05 
 5.71660E+17   1.16150E+05 
 5.76480E+17   1.31090E+05 
 5.81310E+17   1.47361E+05 
 5.86160E+17   1.64917E+05 
 5.91030E+17   1.83560E+05 
 5.95930E+17   2.02944E+05 
 6.00840E+17   2.22280E+05 
 6.05770E+17   2.40310E+05 
 6.10720E+17   2.54534E+05 
 6.15700E+17   2.59215E+05 
 6.20690E+17   2.29485E+05 
 6.25700E+17   2.13667E+05 
 6.30740E+17   2.43276E+05 
 6.35790E+17   2.76612E+05 
 6.40870E+17   3.14232E+05 
 6.45960E+17   3.56446E+05 
 6.51070E+17   4.03811E+05 
 6.56210E+17   4.56951E+05 
 6.61360E+17   5.16198E+05 
 6.66540E+17   5.82331E+05 
 6.71730E+17   6.55637E+05 
 6.76950E+17   7.36914E+05 
 6.82190E+17   8.26481E+05 
 6.87440E+17   9.24489E+05 
 6.92720E+17   1.03146E+06 
 6.98010E+17   1.14684E+06 
 7.03330E+17   1.27047E+06 
 7.08670E+17   1.40081E+06 
 7.14020E+17   1.53515E+06 
 7.19400E+17   1.66967E+06 
 7.24790E+17   1.79626E+06 
 7.30210E+17   1.90130E+06 
 7.35650E+17   1.95439E+06 
 7.41110E+17   1.85779E+06 
 7.46580E+17   1.60250E+06 
 7.52080E+17   1.80026E+06 
 7.57600E+17   2.02037E+06 
 7.63140E+17   2.26492E+06 
 7.68700E+17   2.53613E+06 
 7.74270E+17   2.83569E+06 
 7.79870E+17   3.16696E+06 
 7.85490E+17   3.53168E+06 
 7.91130E+17   3.93189E+06 
 7.96790E+17   4.36938E+06 
 8.02470E+17   4.84546E+06 
 8.08170E+17   5.36062E+06 
 8.13890E+17   5.91414E+06 
 8.19630E+17   6.50347E+06 
 8.25390E+17   7.12323E+06 
 8.31170E+17   7.76370E+06 
 8.36970E+17   8.40829E+06 
 8.42790E+17   9.02847E+06 
 8.48630E+17   9.57401E+06 
 8.54490E+17   9.94639E+06 
 8.60370E+17   9.89567E+06 
 8.66270E+17   8.03041E+06 
 8.72190E+17   8.92921E+06 
 8.78130E+17   9.91920E+06 
 8.84090E+17   1.10078E+07 
 8.90070E+17   1.22022E+07 
 8.96080E+17   1.35121E+07 
 9.02100E+17   1.49401E+07 
 9.08140E+17   1.64943E+07 
 9.14200E+17   1.81798E+07 
 9.20290E+17   2.00025E+07 
 9.26390E+17   2.19563E+07 
 9.32510E+17   2.40392E+07 
 9.38650E+17   2.62399E+07 
 9.44820E+17   2.85399E+07 
 9.51000E+17   3.08944E+07 
 9.57200E+17   3.32443E+07 
 9.63430E+17   3.54882E+07 
 9.69670E+17   3.74347E+07 
 9.75940E+17   3.87288E+07 
 9.82220E+17   3.84316E+07 
 9.88520E+17   3.20651E+07 
 9.94850E+17   3.53524E+07 
 1.00120E+18   3.89407E+07 
 1.00760E+18   4.28691E+07 
 1.01390E+18   4.70573E+07 
 1.02030E+18   5.16525E+07 
 1.02680E+18   5.66819E+07 
 1.03320E+18   6.19975E+07 
 1.03970E+18   6.77639E+07 
 1.04620E+18   7.38900E+07 
 1.05270E+18   8.03495E+07 
 1.05920E+18   8.70944E+07 
 1.06570E+18   9.40446E+07 
 1.07230E+18   1.01180E+08 
 1.07890E+18   1.08182E+08 
 1.08550E+18   1.14696E+08 
 1.09210E+18   1.20108E+08 
 1.09880E+18   1.23196E+08 
 1.10550E+18   1.20019E+08 
 1.11210E+18   1.05742E+08 
 1.11880E+18   1.15715E+08 
 1.12560E+18   1.26644E+08 
 1.13230E+18   1.38243E+08 
 1.13910E+18   1.50887E+08 
 1.14590E+18   1.64427E+08 
 1.15270E+18   1.78868E+08 
 1.15950E+18   1.94196E+08 
 1.16640E+18   2.10610E+08 
 1.17320E+18   2.27549E+08 
 1.18010E+18   2.45360E+08 
 1.18700E+18   2.63561E+08 
 1.19400E+18   2.82034E+08 
 1.20090E+18   2.99645E+08 
 1.20790E+18   3.15883E+08 
 1.21490E+18   3.28644E+08 
 1.22190E+18   3.33962E+08 
 1.22890E+18   3.17256E+08 
 1.23600E+18   2.96832E+08 
 1.24300E+18   3.22580E+08 
 1.25010E+18   3.50562E+08 
 1.25720E+18   3.80473E+08 
 1.26440E+18   4.12808E+08 
 1.27150E+18   4.46653E+08 
 1.27870E+18   4.82911E+08 
 1.28590E+18   5.20989E+08 
 1.29310E+18   5.60665E+08 
 1.30030E+18   6.01571E+08 
 1.30760E+18   6.43713E+08 
 1.31480E+18   6.85040E+08 
 1.32210E+18   7.25246E+08 
 1.32950E+18   7.61810E+08 
 1.33680E+18   7.89348E+08 
 1.34410E+18   7.98792E+08 
 1.35150E+18   7.47738E+08 
 1.35890E+18   7.23483E+08 
 1.36630E+18   7.82688E+08 
 1.37380E+18   8.46625E+08 
 1.38120E+18   9.13630E+08 
 1.38870E+18   9.85486E+08 
 1.39620E+18   1.06119E+09 
 1.40370E+18   1.14049E+09 
 1.41120E+18   1.22292E+09 
 1.41880E+18   1.30892E+09 
 1.42640E+18   1.39624E+09 
 1.43390E+18   1.48198E+09 
 1.44160E+18   1.56675E+09 
 1.44920E+18   1.64267E+09 
 1.45690E+18   1.70353E+09 
 1.46450E+18   1.73077E+09 
 1.47220E+18   1.66379E+09 
 1.47990E+18   1.56202E+09 
 1.48770E+18   1.68383E+09 
 1.49540E+18   1.81132E+09 
 1.50320E+18   1.94778E+09 
 1.51100E+18   2.09143E+09 
 1.51880E+18   2.24187E+09 
 1.52670E+18   2.40045E+09 
 1.53450E+18   2.56201E+09 
 1.54240E+18   2.72895E+09 
 1.55030E+18   2.89643E+09 
 1.55820E+18   3.06029E+09 
 1.56610E+18   3.21392E+09 
 1.57410E+18   3.34774E+09 
 1.58210E+18   3.43798E+09 
 1.59010E+18   3.42928E+09 
 1.59810E+18   3.03361E+09 
 1.60610E+18   3.25565E+09 
 1.61420E+18   3.49325E+09 
 1.62230E+18   3.74362E+09 
 1.63040E+18   4.00630E+09 
 1.63850E+18   4.28052E+09 
 1.64660E+18   4.56490E+09 
 1.65480E+18   4.86097E+09 
 1.66300E+18   5.16190E+09 
 1.67120E+18   5.46261E+09 
 1.67940E+18   5.75540E+09 
 1.68760E+18   6.02798E+09 
 1.69590E+18   6.26235E+09 
 1.70420E+18   6.41406E+09 
 1.71250E+18   6.37409E+09 
 1.72080E+18   5.73517E+09 
 1.72910E+18   6.13317E+09 
 1.73750E+18   6.55698E+09 
 1.74590E+18   7.00137E+09 
 1.75430E+18   7.46516E+09 
 1.76270E+18   7.94644E+09 
 1.77120E+18   8.44793E+09 
 1.77960E+18   8.95308E+09 
 1.78810E+18   9.46665E+09 
 1.79660E+18   9.97158E+09 
 1.80510E+18   1.04509E+10 
 1.81370E+18   1.08812E+10 
 1.82220E+18   1.12020E+10 
 1.83080E+18   1.13052E+10 
 1.83940E+18   1.06133E+10 
 1.84800E+18   1.05645E+10 
 1.85670E+18   1.12648E+10 
 1.86530E+18   1.19887E+10 
 1.87400E+18   1.27510E+10 
 1.88270E+18   1.35400E+10 
 1.89150E+18   1.43598E+10 
 1.90020E+18   1.51835E+10 
 1.90900E+18   1.60179E+10 
 1.91780E+18   1.68352E+10 
 1.92660E+18   1.76067E+10 
 1.93540E+18   1.82861E+10 
 1.94420E+18   1.87880E+10 
 1.95310E+18   1.89152E+10 
 1.96200E+18   1.73452E+10 
 1.97090E+18   1.78648E+10 
 1.97980E+18   1.89830E+10 
 1.98880E+18   2.01607E+10 
 1.99770E+18   2.13674E+10 
 2.00670E+18   2.26233E+10 
 2.01570E+18   2.39050E+10 
 2.02470E+18   2.51968E+10 
 2.03380E+18   2.64901E+10 
 2.04290E+18   2.77351E+10 
 2.05190E+18   2.88641E+10 
 2.06110E+18   2.98167E+10 
 2.07020E+18   3.03655E+10 
 2.07930E+18   2.99498E+10 
 2.08850E+18   2.79525E+10 
 2.09770E+18   2.96481E+10 
 2.10690E+18   3.14115E+10 
 2.11610E+18   3.32365E+10 
 2.12540E+18   3.51339E+10 
 2.13460E+18   3.70481E+10 
 2.14390E+18   3.89989E+10 
 2.15320E+18   4.09322E+10 
 2.16260E+18   4.28185E+10 
 2.17190E+18   4.45398E+10 
 2.18130E+18   4.60004E+10 
 2.19070E+18   4.69180E+10 
 2.20010E+18   4.65592E+10 
 2.20950E+18   4.31727E+10 
 2.21900E+18   4.57003E+10 
 2.22840E+18   4.82941E+10 
 2.23790E+18   5.09990E+10 
 2.24740E+18   5.37717E+10 
 2.25700E+18   5.66179E+10 
 2.26650E+18   5.94431E+10 
 2.27610E+18   6.22547E+10 
 2.28570E+18   6.49414E+10 
 2.29530E+18   6.73769E+10 
 2.30490E+18   6.93419E+10 
 2.31460E+18   7.03842E+10 
 2.32430E+18   6.88872E+10 
 2.33390E+18   6.58373E+10 
 2.34370E+18   6.95418E+10 
 2.35340E+18   7.33289E+10 
 2.36310E+18   7.72170E+10 
 2.37290E+18   8.12185E+10 
 2.38270E+18   8.52511E+10 
 2.39250E+18   8.92529E+10 
 2.40240E+18   9.31682E+10 
 2.41220E+18   9.67740E+10 
 2.42210E+18   9.99016E+10 
 2.43200E+18   1.02053E+11 
 2.44190E+18   1.02049E+11 
 2.45180E+18   9.40763E+10 
 2.46180E+18   9.91897E+10 
 2.47180E+18   1.04467E+11 
 2.48180E+18   1.09884E+11 
 2.49180E+18   1.15400E+11 
 2.50180E+18   1.20961E+11 
 2.51190E+18   1.26540E+11 
 2.52190E+18   1.31904E+11 
 2.53200E+18   1.36974E+11 
 2.54210E+18   1.41386E+11 
 2.55230E+18   1.44594E+11 
 2.56240E+18   1.45142E+11 
 2.57260E+18   1.33288E+11 
 2.58280E+18   1.40263E+11 
 2.59300E+18   1.47447E+11 
 2.60330E+18   1.54875E+11 
 2.61350E+18   1.62348E+11 
 2.62380E+18   1.69932E+11 
 2.63410E+18   1.77435E+11 
 2.64440E+18   1.84681E+11 
 2.65480E+18   1.91459E+11 
 2.66510E+18   1.97189E+11 
 2.67550E+18   2.01108E+11 
 2.68590E+18   2.00840E+11 
 2.69630E+18   1.87260E+11 
 2.70670E+18   1.96664E+11 
 2.71720E+18   2.06409E+11 
 2.72770E+18   2.16347E+11 
 2.73820E+18   2.26389E+11 
 2.74870E+18   2.36412E+11 
 2.75920E+18   2.46232E+11 
 2.76980E+18   2.55658E+11 
 2.78040E+18   2.64151E+11 
 2.79100E+18   2.70936E+11 
 2.80160E+18   2.74369E+11 
 2.81220E+18   2.68454E+11 
 2.82290E+18   2.60882E+11 
 2.83360E+18   2.73517E+11 
 2.84430E+18   2.86419E+11 
 2.85500E+18   2.99487E+11 
 2.86570E+18   3.12576E+11 
 2.87650E+18   3.25601E+11 
 2.88730E+18   3.38116E+11 
 2.89810E+18   3.49631E+11 
 2.90890E+18   3.59330E+11 
 2.91980E+18   3.65638E+11 
 2.93060E+18   3.63902E+11 
 2.94150E+18   3.44120E+11 
 2.95240E+18   3.60343E+11 
 2.96330E+18   3.76902E+11 
 2.97430E+18   3.93829E+11 
 2.98520E+18   4.10639E+11 
 2.99620E+18   4.27373E+11 
 3.00720E+18   4.43491E+11 
 3.01820E+18   4.58397E+11 
 3.02930E+18   4.71210E+11 
 3.04030E+18   4.79785E+11 
 3.05140E+18   4.79136E+11 
 3.06250E+18   4.51423E+11 
 3.07370E+18   4.72254E+11 
 3.08480E+18   4.93292E+11 
 3.09600E+18   5.14750E+11 
 3.10720E+18   5.36202E+11 
 3.11840E+18   5.57293E+11 
 3.12960E+18   5.77514E+11 
 3.14080E+18   5.96076E+11 
 3.15210E+18   6.11758E+11 
 3.16340E+18   6.21701E+11 
 3.17470E+18   6.18072E+11 
 3.18600E+18   5.89186E+11 
 3.19740E+18   6.15456E+11 
 3.20870E+18   6.41906E+11 
 3.22010E+18   6.68775E+11 
 3.23150E+18   6.95483E+11 
 3.24290E+18   7.21547E+11 
 3.25440E+18   7.46445E+11 
 3.26590E+18   7.68770E+11 
 3.27730E+18   7.86310E+11 
 3.28890E+18   7.94971E+11 
 3.30040E+18   7.76169E+11 
 3.31190E+18   7.64742E+11 
 3.32350E+18   7.97553E+11 
 3.33510E+18   8.30706E+11 
 3.34670E+18   8.63858E+11 
 3.35830E+18   8.96507E+11 
 3.37000E+18   9.28186E+11 
 3.38160E+18   9.57203E+11 
 3.39330E+18   9.82163E+11 
 3.40500E+18   9.99155E+11 
 3.41680E+18   9.98178E+11 
 3.42850E+18   9.47362E+11 
 3.44030E+18   9.87356E+11 
 3.45210E+18   1.02784E+12 
 3.46390E+18   1.06843E+12 
 3.47570E+18   1.10859E+12 
 3.48760E+18   1.14784E+12 
 3.49940E+18   1.18428E+12 
 3.51130E+18   1.21658E+12 
 3.52320E+18   1.24082E+12 
 3.53520E+18   1.24842E+12 
 3.54710E+18   1.16978E+12 
 3.55910E+18   1.21817E+12 
 3.57110E+18   1.26719E+12 
 3.58310E+18   1.31637E+12 
 3.59510E+18   1.36509E+12 
 3.60720E+18   1.41279E+12 
 3.61920E+18   1.45730E+12 
 3.63130E+18   1.49714E+12 
 3.64350E+18   1.52806E+12 
 3.65560E+18   1.54041E+12 
 3.66770E+18   1.48433E+12 
 3.67990E+18   1.49798E+12 
 3.69210E+18   1.55688E+12 
 3.70430E+18   1.61591E+12 
 3.71660E+18   1.67476E+12 
 3.72880E+18   1.73135E+12 
 3.74110E+18   1.78489E+12 
 3.75340E+18   1.83214E+12 
 3.76570E+18   1.86806E+12 
 3.77800E+18   1.88115E+12 
 3.79040E+18   1.78012E+12 
 3.80280E+18   1.83656E+12 
 3.81510E+18   1.90625E+12 
 3.82760E+18   1.97700E+12 
 3.84000E+18   2.04613E+12 
 3.85250E+18   2.11329E+12 
 3.86490E+18   2.17517E+12 
 3.87740E+18   2.22912E+12 
 3.88990E+18   2.26778E+12 
 3.90250E+18   2.27344E+12 
 3.91500E+18   2.16083E+12 
 3.92760E+18   2.24346E+12 
 3.94020E+18   2.32654E+12 
 3.95280E+18   2.40914E+12 
 3.96550E+18   2.49056E+12 
 3.97810E+18   2.56751E+12 
 3.99080E+18   2.63810E+12 
 4.00350E+18   2.69640E+12 
 4.01620E+18   2.73155E+12 
 4.02890E+18   2.70843E+12 
 4.04170E+18   2.63445E+12 
 4.05450E+18   2.73180E+12 
 4.06730E+18   2.82915E+12 
 4.08010E+18   2.92513E+12 
 4.09290E+18   3.01788E+12 
 4.10580E+18   3.10516E+12 
 4.11870E+18   3.18156E+12 
 4.13160E+18   3.23834E+12 
 4.14450E+18   3.25463E+12 
 4.15740E+18   3.08743E+12 
 4.17040E+18   3.20070E+12 
 4.18340E+18   3.31428E+12 
 4.19640E+18   3.42685E+12 
 4.20940E+18   3.53649E+12 
 4.22240E+18   3.64035E+12 
 4.23550E+18   3.73455E+12 
 4.24860E+18   3.81038E+12 
 4.26170E+18   3.85079E+12 
 4.27480E+18   3.78915E+12 
 4.28790E+18   3.74257E+12 
 4.30110E+18   3.87417E+12 
 4.31430E+18   4.00494E+12 
 4.32750E+18   4.13286E+12 
 4.34070E+18   4.25483E+12 
 4.35390E+18   4.36623E+12 
 4.36720E+18   4.45983E+12 
 4.38050E+18   4.51856E+12 
 4.39380E+18   4.49178E+12 
 4.40710E+18   4.36900E+12 
 4.42050E+18   4.52061E+12 
 4.43380E+18   4.67021E+12 
 4.44720E+18   4.81784E+12 
 4.46060E+18   4.95901E+12 
 4.47400E+18   5.08863E+12 
 4.48750E+18   5.19877E+12 
 4.50090E+18   5.27096E+12 
 4.51440E+18   5.25611E+12 
 4.52790E+18   5.09078E+12 
 4.54140E+18   5.26312E+12 
 4.55500E+18   5.43567E+12 
 4.56860E+18   5.60454E+12 
 4.58210E+18   5.76463E+12 
 4.59570E+18   5.91242E+12 
 4.60940E+18   6.03762E+12 
 4.62300E+18   6.11846E+12 
 4.63670E+18   6.09588E+12 
 4.65040E+18   5.92207E+12 
 4.66410E+18   6.11847E+12 
 4.67780E+18   6.31327E+12 
 4.69150E+18   6.50325E+12 
 4.70530E+18   6.68515E+12 
 4.71910E+18   6.85039E+12 
 4.73290E+18   6.98647E+12 
 4.74670E+18   7.06812E+12 
 4.76060E+18   7.00667E+12 
 4.77440E+18   6.87434E+12 
 4.78830E+18   7.09690E+12 
 4.80220E+18   7.31673E+12 
 4.81620E+18   7.53152E+12 
 4.83010E+18   7.73223E+12 
 4.84410E+18   7.91257E+12 
 4.85810E+18   8.05461E+12 
 4.87210E+18   8.12135E+12 
 4.88610E+18   7.92256E+12 
 4.90020E+18   7.96758E+12 
 4.91420E+18   8.21644E+12 
 4.92830E+18   8.46243E+12 
 4.94240E+18   8.69878E+12 
 4.95650E+18   8.91794E+12 
 4.97070E+18   9.10846E+12 
 4.98490E+18   9.24485E+12 
 4.99910E+18   9.26362E+12 
 5.01330E+18   8.93261E+12 
 5.02750E+18   9.21345E+12 
 5.04170E+18   9.49134E+12 
 5.05600E+18   9.76366E+12 
 5.07030E+18   1.00214E+13 
 5.08460E+18   1.02540E+13 
 5.09900E+18   1.04441E+13 
 5.11330E+18   1.05494E+13 
 5.12770E+18   1.04150E+13 
 5.14210E+18   1.03194E+13 
 5.15650E+18   1.06327E+13 
 5.17090E+18   1.09397E+13 
 5.18540E+18   1.12363E+13 
 5.19980E+18   1.15087E+13 
 5.21430E+18   1.17445E+13 
 5.22880E+18   1.19112E+13 
 5.24340E+18   1.19250E+13 
 5.25790E+18   1.15442E+13 
 5.27250E+18   1.18948E+13 
 5.28710E+18   1.22402E+13 
 5.30170E+18   1.25744E+13 
 5.31630E+18   1.28878E+13 
 5.33100E+18   1.31677E+13 
 5.34570E+18   1.33844E+13 
 5.36040E+18   1.34755E+13 
 5.37510E+18   1.29051E+13 
 5.38980E+18   1.32930E+13 
 5.40460E+18   1.36789E+13 
 5.41930E+18   1.40515E+13 
 5.43410E+18   1.44066E+13 
 5.44890E+18   1.47268E+13 
 5.46380E+18   1.49885E+13 
 5.47860E+18   1.51337E+13 
 5.49350E+18   1.49440E+13 
 5.50840E+18   1.48413E+13 
 5.52330E+18   1.52673E+13 
 5.53830E+18   1.56851E+13 
 5.55320E+18   1.60796E+13 
 5.56820E+18   1.64413E+13 
 5.58320E+18   1.67413E+13 
 5.59820E+18   1.69273E+13 
 5.61320E+18   1.68204E+13 
 5.62830E+18   1.65548E+13 
 5.64340E+18   1.70256E+13 
 5.65850E+18   1.74849E+13 
 5.67360E+18   1.79224E+13 
 5.68870E+18   1.83218E+13 
 5.70390E+18   1.86584E+13 
 5.71910E+18   1.88736E+13 
 5.73430E+18   1.87876E+13 
 5.74950E+18   1.84492E+13 
 5.76470E+18   1.89643E+13 
 5.78000E+18   1.94695E+13 
 5.79530E+18   1.99501E+13 
 5.81060E+18   2.03882E+13 
 5.82590E+18   2.07533E+13 
 5.84120E+18   2.09842E+13 
 5.85660E+18   2.08729E+13 
 5.87190E+18   2.05379E+13 
 5.88730E+18   2.11023E+13 
 5.90280E+18   2.16550E+13 
 5.91820E+18   2.21752E+13 
 5.93370E+18   2.26495E+13 
 5.94910E+18   2.30363E+13 
 5.96470E+18   2.32676E+13 
 5.98020E+18   2.30531E+13 
 5.99570E+18   2.28456E+13 
 6.01130E+18   2.34613E+13 
 6.02690E+18   2.40578E+13 
 6.04250E+18   2.46191E+13 
 6.05810E+18   2.51209E+13 
 6.07370E+18   2.55202E+13 
 6.08940E+18   2.57204E+13 
 6.10510E+18   2.51813E+13 
 6.12080E+18   2.53872E+13 
 6.13650E+18   2.60511E+13 
 6.15220E+18   2.66901E+13 
 6.16800E+18   2.72893E+13 
 6.18380E+18   2.78133E+13 
 6.19960E+18   2.82056E+13 
 6.21540E+18   2.83235E+13 
 6.23120E+18   2.74431E+13 
 6.24710E+18   2.81767E+13 
 6.26300E+18   2.88929E+13 
 6.27890E+18   2.95754E+13 
 6.29480E+18   3.02010E+13 
 6.31080E+18   3.07320E+13 
 6.32670E+18   3.10825E+13 
 6.34270E+18   3.10048E+13 
 6.35870E+18   3.04510E+13 
 6.37470E+18   3.12373E+13 
 6.39080E+18   3.20032E+13 
 6.40690E+18   3.27229E+13 
 6.42290E+18   3.33615E+13 
 6.43900E+18   3.38705E+13 
 6.45520E+18   3.41190E+13 
 6.47130E+18   3.33019E+13 
 6.48750E+18   3.37499E+13 
 6.50370E+18   3.45914E+13 
 6.51990E+18   3.53960E+13 
 6.53610E+18   3.61365E+13 
 6.55240E+18   3.67729E+13 
 6.56860E+18   3.72105E+13 
 6.58490E+18   3.72017E+13 
 6.60120E+18   3.64358E+13 
 6.61750E+18   3.73528E+13 
 6.63390E+18   3.82440E+13 
 6.65030E+18   3.90808E+13 
 6.66660E+18   3.98204E+13 
 6.68310E+18   4.04085E+13 
 6.69950E+18   4.06759E+13 
 6.71590E+18   3.93163E+13 
 6.73240E+18   4.03141E+13 
 6.74890E+18   4.12863E+13 
 6.76540E+18   4.22100E+13 
 6.78190E+18   4.30528E+13 
 6.79850E+18   4.37609E+13 
 6.81500E+18   4.42107E+13 
 6.83160E+18   4.40084E+13 
 6.84820E+18   4.34812E+13 
 6.86490E+18   4.45401E+13 
 6.88150E+18   4.55490E+13 
 6.89820E+18   4.64893E+13 
 6.91490E+18   4.73039E+13 
 6.93160E+18   4.78947E+13 
 6.94830E+18   4.80009E+13 
 6.96510E+18   4.68827E+13 
 6.98180E+18   4.80159E+13 
 6.99860E+18   4.91161E+13 
 7.01540E+18   5.01457E+13 
 7.03230E+18   5.10624E+13 
 7.04910E+18   5.17692E+13 
 7.06600E+18   5.20661E+13 
 7.08290E+18   5.05222E+13 
 7.09980E+18   5.17448E+13 
 7.11670E+18   5.29290E+13 
 7.13370E+18   5.40522E+13 
 7.15070E+18   5.50594E+13 
 7.16770E+18   5.58692E+13 
 7.18470E+18   5.62987E+13 
 7.20170E+18   5.53925E+13 
 7.21880E+18   5.57379E+13 
 7.23580E+18   5.70068E+13 
 7.25290E+18   5.82154E+13 
 7.27000E+18   5.93084E+13 
 7.28720E+18   6.02111E+13 
 7.30430E+18   6.07399E+13 
 7.32150E+18   6.01921E+13 
 7.33870E+18   6.00052E+13 
 7.35590E+18   6.13671E+13 
 7.37310E+18   6.26588E+13 
 7.39040E+18   6.38394E+13 
 7.40770E+18   6.48170E+13 
 7.42500E+18   6.54193E+13 
 7.44230E+18   6.49913E+13 
 7.45960E+18   6.45714E+13 
 7.47700E+18   6.60281E+13 
 7.49440E+18   6.74090E+13 
 7.51180E+18   6.86642E+13 
 7.52920E+18   6.97049E+13 
 7.54660E+18   7.03504E+13 
 7.56410E+18   6.99095E+13 
 7.58150E+18   6.94564E+13 
 7.59900E+18   7.09994E+13 
 7.61660E+18   7.24681E+13 
 7.63410E+18   7.37917E+13 
 7.65170E+18   7.48880E+13 
 7.66920E+18   7.55441E+13 
 7.68680E+18   7.49522E+13 
 7.70440E+18   7.46786E+13 
 7.72210E+18   7.63158E+13 
 7.73970E+18   7.78515E+13 
 7.75740E+18   7.92427E+13 
 7.77510E+18   8.03708E+13 
 7.79280E+18   8.10002E+13 
 7.81060E+18   7.99582E+13 
 7.82830E+18   8.02569E+13 
 7.84610E+18   8.19773E+13 
 7.86390E+18   8.35911E+13 
 7.88170E+18   8.50291E+13 
 7.89960E+18   8.61688E+13 
 7.91740E+18   8.67040E+13 
 7.93530E+18   8.43384E+13 
 7.95320E+18   8.62099E+13 
 7.97110E+18   8.80092E+13 
 7.98910E+18   8.96922E+13 
 8.00700E+18   9.11589E+13 
 8.02500E+18   9.22681E+13 
 8.04300E+18   9.26120E+13 
 8.06100E+18   9.05852E+13 
 8.07910E+18   9.25554E+13 
 8.09710E+18   9.44265E+13 
 8.11520E+18   9.61561E+13 
 8.13330E+18   9.76336E+13 
 8.15150E+18   9.86604E+13 
 8.16960E+18   9.86124E+13 
 8.18780E+18   9.72570E+13 
 8.20590E+18   9.92987E+13 
 8.22410E+18   1.01241E+14 
 8.24240E+18   1.03005E+14 
 8.26060E+18   1.04445E+14 
 8.27890E+18   1.05294E+14 
 8.29720E+18   1.04297E+14 
 8.31550E+18   1.04349E+14 
 8.33380E+18   1.06476E+14 
 8.35210E+18   1.08461E+14 
 8.37050E+18   1.10220E+14 
 8.38890E+18   1.11566E+14 
 8.40730E+18   1.12067E+14 
 8.42570E+18   1.09581E+14 
 8.44420E+18   1.11888E+14 
 8.46260E+18   1.14074E+14 
 8.48110E+18   1.16086E+14 
 8.49960E+18   1.17790E+14 
 8.51810E+18   1.18934E+14 
 8.53670E+18   1.18690E+14 
 8.55530E+18   1.17506E+14 
 8.57380E+18   1.19872E+14 
 8.59240E+18   1.22106E+14 
 8.61110E+18   1.24104E+14 
 8.62970E+18   1.25674E+14 
 8.64840E+18   1.26421E+14 
 8.66710E+18   1.23354E+14 
 8.68580E+18   1.25902E+14 
 8.70450E+18   1.28332E+14 
 8.72330E+18   1.30574E+14 
 8.74200E+18   1.32473E+14 
 8.76080E+18   1.33781E+14 
 8.77960E+18   1.33641E+14 
 8.79840E+18   1.32160E+14 
 8.81730E+18   1.34788E+14 
 8.83620E+18   1.37247E+14 
 8.85510E+18   1.39431E+14 
 8.87400E+18   1.41138E+14 
 8.89290E+18   1.41897E+14 
 8.91180E+18   1.38697E+14 
 8.93080E+18   1.41497E+14 
 8.94980E+18   1.44158E+14 
 8.96880E+18   1.46581E+14 
 8.98780E+18   1.48613E+14 
 9.00690E+18   1.49929E+14 
 9.02600E+18   1.49296E+14 
 9.04500E+18   1.48486E+14 
 9.06420E+18   1.51348E+14 
 9.08330E+18   1.53989E+14 
 9.10240E+18   1.56294E+14 
 9.12160E+18   1.58013E+14 
 9.14080E+18   1.58447E+14 
 9.16000E+18   1.55789E+14 
 9.17920E+18   1.58816E+14 
 9.19850E+18   1.61674E+14 
 9.21780E+18   1.64232E+14 
 9.23710E+18   1.66274E+14 
 9.25640E+18   1.67316E+14 
 9.27570E+18   1.63411E+14 
 9.29510E+18   1.66628E+14 
 9.31440E+18   1.69662E+14 
 9.33380E+18   1.72442E+14 
 9.35320E+18   1.74762E+14 
 9.37270E+18   1.76249E+14 
 9.39210E+18   1.75418E+14 
 9.41160E+18   1.74759E+14 
 9.43110E+18   1.77993E+14 
 9.45060E+18   1.80974E+14 
 9.47010E+18   1.83539E+14 
 9.48970E+18   1.85369E+14 
 9.50930E+18   1.85464E+14 
 9.52890E+18   1.83261E+14 
 9.54850E+18   1.86673E+14 
 9.56810E+18   1.89847E+14 
 9.58780E+18   1.92644E+14 
 9.60740E+18   1.94745E+14 
 9.62710E+18   1.95409E+14 
 9.64690E+18   1.92137E+14 
 9.66660E+18   1.95722E+14 
 9.68630E+18   1.99082E+14 
 9.70610E+18   2.02079E+14 
 9.72590E+18   2.04431E+14 
 9.74570E+18   2.05485E+14 
 9.76560E+18   2.01405E+14 
 9.78540E+18   2.05161E+14 
 9.80530E+18   2.08714E+14 
 9.82520E+18   2.11895E+14 
 9.84510E+18   2.14452E+14 
 9.86510E+18   2.15798E+14 
 9.88500E+18   2.11082E+14 
 9.90500E+18   2.15025E+14 
 9.92500E+18   2.18747E+14 
 9.94500E+18   2.22100E+14 
 9.96500E+18   2.24836E+14 
 9.98510E+18   2.26401E+14 
 1.00050E+19   2.23796E+14 
 1.00250E+19   2.25256E+14 
 1.00450E+19   2.29127E+14 
 1.00660E+19   2.32793E+14 
 1.00860E+19   2.35651E+14 
 1.01060E+19   2.37333E+14 
 1.01260E+19   2.35206E+14 
 1.01460E+19   2.35989E+14 
 1.01670E+19   2.40189E+14 
 1.01870E+19   2.43800E+14 
 1.02070E+19   2.46781E+14 
 1.02270E+19   2.48587E+14 
 1.02480E+19   2.46355E+14 
 1.02680E+19   2.47250E+14 
 1.02880E+19   2.51378E+14 
