 1.02880E+15   6.56965E-25 
 1.24260E+15   9.13302E-24 
 1.47660E+15   1.01070E-22 
 1.73070E+15   9.22399E-22 
 2.00500E+15   7.14803E-21 
 2.29950E+15   4.80977E-20 
 2.61410E+15   2.85984E-19 
 2.94890E+15   1.52597E-18 
 3.30390E+15   7.39702E-18 
 3.67900E+15   3.28983E-17 
 4.07430E+15   1.35480E-16 
 4.48980E+15   5.20459E-16 
 4.92540E+15   1.87658E-15 
 5.38120E+15   6.38807E-15 
 5.85720E+15   2.06300E-14 
 6.35330E+15   6.34607E-14 
 6.86960E+15   1.86693E-13 
 7.40610E+15   5.27007E-13 
 7.96270E+15   1.43147E-12 
 8.53950E+15   3.75199E-12 
 9.13650E+15   9.51251E-12 
 9.75370E+15   2.33785E-11 
 1.03910E+16   5.57974E-11 
 1.10480E+16   1.29494E-10 
 1.17260E+16   2.93180E-10 
 1.24240E+16   6.47667E-10 
 1.31420E+16   1.39800E-09 
 1.38800E+16   2.95222E-09 
 1.46380E+16   6.10646E-09 
 1.54170E+16   1.23959E-08 
 1.62150E+16   2.46751E-08 
 1.70340E+16   4.82927E-08 
 1.78730E+16   9.29254E-08 
 1.87320E+16   1.75940E-07 
 1.96120E+16   3.28240E-07 
 2.05110E+16   6.02981E-07 
 2.14310E+16   1.09286E-06 
 2.23710E+16   1.95408E-06 
 2.33310E+16   3.44889E-06 
 2.43110E+16   6.01181E-06 
 2.53110E+16   1.03547E-05 
 2.63320E+16   1.76400E-05 
 2.73720E+16   2.97048E-05 
 2.84330E+16   4.95153E-05 
 2.95140E+16   8.16925E-05 
 3.06150E+16   1.33449E-04 
 3.17370E+16   2.16010E-04 
 3.28780E+16   3.46281E-04 
 3.40400E+16   5.50391E-04 
 3.52220E+16   8.67263E-04 
 3.64240E+16   1.35515E-03 
 3.76460E+16   2.10035E-03 
 3.88880E+16   3.22982E-03 
 4.01500E+16   4.92888E-03 
 4.14330E+16   7.46856E-03 
 4.27360E+16   1.12354E-02 
 4.40590E+16   1.67840E-02 
 4.54020E+16   2.49021E-02 
 4.67650E+16   3.67021E-02 
 4.81490E+16   5.37592E-02 
 4.95530E+16   7.82471E-02 
 5.09760E+16   1.13160E-01 
 5.24200E+16   1.62710E-01 
 5.38850E+16   2.32640E-01 
 5.53690E+16   3.30631E-01 
 5.68730E+16   4.67256E-01 
 5.83980E+16   6.56840E-01 
 5.99430E+16   9.18340E-01 
 6.15080E+16   1.27711E+00 
 6.30930E+16   1.76672E+00 
 6.46990E+16   2.43190E+00 
 6.63240E+16   3.32979E+00 
 6.79700E+16   4.53705E+00 
 6.96360E+16   6.15109E+00 
 7.13220E+16   8.29789E+00 
 7.30280E+16   1.11386E+01 
 7.47540E+16   1.48779E+01 
 7.65010E+16   1.97773E+01 
 7.82670E+16   2.61548E+01 
 8.00540E+16   3.44199E+01 
 8.18610E+16   4.50645E+01 
 8.36880E+16   5.86913E+01 
 8.55360E+16   7.60355E+01 
 8.74030E+16   9.79361E+01 
 8.92910E+16   1.25412E+02 
 9.11990E+16   1.59579E+02 
 9.31270E+16   2.01654E+02 
 9.50750E+16   2.52878E+02 
 9.70430E+16   3.14357E+02 
 9.90320E+16   3.86824E+02 
 1.01040E+17   4.69964E+02 
 1.03070E+17   5.61716E+02 
 1.05120E+17   6.55789E+02 
 1.07190E+17   7.37025E+02 
 1.09280E+17   7.65453E+02 
 1.11390E+17   5.24847E+02 
 1.13520E+17   4.86701E+02 
 1.15670E+17   6.23741E+02 
 1.17840E+17   7.97091E+02 
 1.20030E+17   1.01576E+03 
 1.22240E+17   1.29084E+03 
 1.24470E+17   1.63596E+03 
 1.26720E+17   2.06777E+03 
 1.28990E+17   2.60664E+03 
 1.31280E+17   3.27735E+03 
 1.33590E+17   4.11000E+03 
 1.35920E+17   5.14103E+03 
 1.38270E+17   6.41445E+03 
 1.40650E+17   7.99059E+03 
 1.43040E+17   9.92010E+03 
 1.45450E+17   1.22853E+04 
 1.47880E+17   1.51772E+04 
 1.50330E+17   1.87045E+04 
 1.52810E+17   2.30149E+04 
 1.55300E+17   2.82266E+04 
 1.57810E+17   3.45355E+04 
 1.60340E+17   4.21529E+04 
 1.62900E+17   5.13659E+04 
 1.65470E+17   6.23928E+04 
 1.68070E+17   7.56583E+04 
 1.70680E+17   9.14505E+04 
 1.73310E+17   1.10265E+05 
 1.75970E+17   1.32706E+05 
 1.78640E+17   1.59192E+05 
 1.81340E+17   1.90587E+05 
 1.84050E+17   2.27402E+05 
 1.86780E+17   2.70568E+05 
 1.89540E+17   3.21184E+05 
 1.92310E+17   3.79862E+05 
 1.95110E+17   4.48061E+05 
 1.97930E+17   5.26650E+05 
 2.00760E+17   6.16333E+05 
 2.03620E+17   7.18688E+05 
 2.06490E+17   8.33709E+05 
 2.09390E+17   9.62509E+05 
 2.12300E+17   1.10380E+06 
 2.15240E+17   1.25697E+06 
 2.18200E+17   1.41795E+06 
 2.21170E+17   1.57912E+06 
 2.24170E+17   1.72805E+06 
 2.27190E+17   1.83699E+06 
 2.30230E+17   1.84055E+06 
 2.33280E+17   1.35954E+06 
 2.36360E+17   1.36799E+06 
 2.39460E+17   1.61333E+06 
 2.42580E+17   1.89967E+06 
 2.45710E+17   2.23215E+06 
 2.48870E+17   2.62007E+06 
 2.52050E+17   3.07054E+06 
 2.55250E+17   3.59278E+06 
 2.58470E+17   4.19716E+06 
 2.61710E+17   4.89538E+06 
 2.64970E+17   5.70054E+06 
 2.68240E+17   6.62429E+06 
 2.71540E+17   7.68856E+06 
 2.74860E+17   8.90883E+06 
 2.78200E+17   1.03051E+07 
 2.81560E+17   1.18993E+07 
 2.84940E+17   1.37153E+07 
 2.88340E+17   1.57790E+07 
 2.91760E+17   1.81182E+07 
 2.95200E+17   2.07621E+07 
 2.98670E+17   2.37506E+07 
 3.02150E+17   2.70976E+07 
 3.05650E+17   3.08424E+07 
 3.09170E+17   3.50141E+07 
 3.12710E+17   3.96385E+07 
 3.16270E+17   4.47349E+07 
 3.19850E+17   5.03114E+07 
 3.23460E+17   5.63771E+07 
 3.27080E+17   6.28637E+07 
 3.30720E+17   6.97124E+07 
 3.34380E+17   7.67848E+07 
 3.38060E+17   8.38393E+07 
 3.41770E+17   9.04737E+07 
 3.45490E+17   9.58904E+07 
 3.49230E+17   9.85522E+07 
 3.53000E+17   9.40073E+07 
 3.56780E+17   7.24602E+07 
 3.60580E+17   8.24814E+07 
 3.64410E+17   9.38099E+07 
 3.68250E+17   1.06532E+08 
 3.72120E+17   1.20872E+08 
 3.76000E+17   1.36931E+08 
 3.79900E+17   1.54928E+08 
 3.83830E+17   1.75121E+08 
 3.87770E+17   1.97623E+08 
 3.91740E+17   2.22781E+08 
 3.95720E+17   2.50711E+08 
 3.99730E+17   2.81810E+08 
 4.03750E+17   3.16186E+08 
 4.07800E+17   3.54279E+08 
 4.11870E+17   3.96275E+08 
 4.15950E+17   4.42310E+08 
 4.20060E+17   4.92843E+08 
 4.24180E+17   5.47819E+08 
 4.28330E+17   6.07631E+08 
 4.32500E+17   6.72183E+08 
 4.36680E+17   7.41181E+08 
 4.40890E+17   8.14627E+08 
 4.45120E+17   8.91710E+08 
 4.49360E+17   9.71118E+08 
 4.53630E+17   1.05137E+09 
 4.57920E+17   1.12925E+09 
 4.62230E+17   1.19967E+09 
 4.66560E+17   1.25351E+09 
 4.70900E+17   1.27173E+09 
 4.75270E+17   1.19334E+09 
 4.79660E+17   1.00994E+09 
 4.84070E+17   1.12543E+09 
 4.88500E+17   1.25288E+09 
 4.92950E+17   1.39334E+09 
 4.97420E+17   1.54790E+09 
 5.01900E+17   1.71734E+09 
 5.06410E+17   1.90359E+09 
 5.10940E+17   2.10750E+09 
 5.15490E+17   2.33032E+09 
 5.20060E+17   2.57324E+09 
 5.24650E+17   2.83743E+09 
 5.29260E+17   3.12395E+09 
 5.33890E+17   3.43367E+09 
 5.38540E+17   3.76723E+09 
 5.43220E+17   4.12569E+09 
 5.47910E+17   4.50718E+09 
 5.52620E+17   4.91138E+09 
 5.57350E+17   5.33611E+09 
 5.62100E+17   5.77755E+09 
 5.66870E+17   6.22958E+09 
 5.71660E+17   6.68249E+09 
 5.76480E+17   7.12192E+09 
 5.81310E+17   7.52109E+09 
 5.86160E+17   7.83797E+09 
 5.91030E+17   7.98713E+09 
 5.95930E+17   7.72874E+09 
 6.00840E+17   6.45310E+09 
 6.05770E+17   7.08919E+09 
 6.10720E+17   7.78106E+09 
 6.15700E+17   8.53413E+09 
 6.20690E+17   9.34924E+09 
 6.25700E+17   1.02317E+10 
 6.30740E+17   1.11872E+10 
 6.35790E+17   1.22155E+10 
 6.40870E+17   1.33238E+10 
 6.45960E+17   1.45104E+10 
 6.51070E+17   1.57791E+10 
 6.56210E+17   1.71332E+10 
 6.61360E+17   1.85662E+10 
 6.66540E+17   2.00803E+10 
 6.71730E+17   2.16628E+10 
 6.76950E+17   2.33086E+10 
 6.82190E+17   2.49968E+10 
 6.87440E+17   2.66963E+10 
 6.92720E+17   2.83713E+10 
 6.98010E+17   2.99499E+10 
 7.03330E+17   3.13307E+10 
 7.08670E+17   3.23193E+10 
 7.14020E+17   3.25037E+10 
 7.19400E+17   3.03441E+10 
 7.24790E+17   2.79117E+10 
 7.30210E+17   3.03364E+10 
 7.35650E+17   3.29438E+10 
 7.41110E+17   3.57433E+10 
 7.46580E+17   3.87376E+10 
 7.52080E+17   4.19457E+10 
 7.57600E+17   4.53680E+10 
 7.63140E+17   4.90089E+10 
 7.68700E+17   5.28701E+10 
 7.74270E+17   5.69415E+10 
 7.79870E+17   6.12301E+10 
 7.85490E+17   6.57138E+10 
 7.91130E+17   7.03681E+10 
 7.96790E+17   7.51532E+10 
 8.02470E+17   8.00103E+10 
 8.08170E+17   8.48512E+10 
 8.13890E+17   8.95425E+10 
 8.19630E+17   9.38775E+10 
 8.25390E+17   9.75129E+10 
 8.31170E+17   9.98188E+10 
 8.36970E+17   9.93118E+10 
 8.42790E+17   8.43353E+10 
 8.48630E+17   8.93442E+10 
 8.54490E+17   9.62968E+10 
 8.60370E+17   1.03704E+11 
 8.66270E+17   1.11580E+11 
 8.72190E+17   1.19937E+11 
 8.78130E+17   1.28782E+11 
 8.84090E+17   1.38114E+11 
 8.90070E+17   1.47925E+11 
 8.96080E+17   1.58214E+11 
 9.02100E+17   1.68908E+11 
 9.08140E+17   1.79967E+11 
 9.14200E+17   1.91305E+11 
 9.20290E+17   2.02810E+11 
 9.26390E+17   2.14255E+11 
 9.32510E+17   2.25372E+11 
 9.38650E+17   2.35730E+11 
 9.44820E+17   2.44641E+11 
 9.51000E+17   2.50828E+11 
 9.57200E+17   2.51561E+11 
 9.63430E+17   2.35278E+11 
 9.69670E+17   2.25131E+11 
 9.75940E+17   2.41140E+11 
 9.82220E+17   2.58052E+11 
 9.88520E+17   2.75911E+11 
 9.94850E+17   2.94749E+11 
 1.00120E+18   3.14532E+11 
 1.00760E+18   3.35334E+11 
 1.01390E+18   3.56601E+11 
 1.02030E+18   3.78920E+11 
 1.02680E+18   4.02191E+11 
 1.03320E+18   4.25504E+11 
 1.03970E+18   4.49311E+11 
 1.04620E+18   4.72850E+11 
 1.05270E+18   4.95541E+11 
 1.05920E+18   5.16517E+11 
 1.06570E+18   5.34385E+11 
 1.07230E+18   5.46828E+11 
 1.07890E+18   5.47891E+11 
 1.08550E+18   5.12159E+11 
 1.09210E+18   4.97597E+11 
 1.09880E+18   5.30372E+11 
 1.10550E+18   5.64742E+11 
 1.11210E+18   6.00144E+11 
 1.11880E+18   6.37610E+11 
 1.12560E+18   6.77138E+11 
 1.13230E+18   7.17437E+11 
 1.13910E+18   7.59535E+11 
 1.14590E+18   8.02583E+11 
 1.15270E+18   8.46211E+11 
 1.15950E+18   8.89911E+11 
 1.16640E+18   9.33563E+11 
 1.17320E+18   9.74841E+11 
 1.18010E+18   1.01333E+12 
 1.18700E+18   1.04579E+12 
 1.19400E+18   1.06768E+12 
 1.20090E+18   1.06757E+12 
 1.20790E+18   9.85753E+11 
 1.21490E+18   9.85122E+11 
 1.22190E+18   1.04466E+12 
 1.22890E+18   1.10673E+12 
 1.23600E+18   1.17219E+12 
 1.24300E+18   1.23907E+12 
 1.25010E+18   1.30906E+12 
 1.25720E+18   1.38094E+12 
 1.26440E+18   1.45528E+12 
 1.27150E+18   1.52943E+12 
 1.27870E+18   1.60459E+12 
 1.28590E+18   1.67850E+12 
 1.29310E+18   1.74936E+12 
 1.30030E+18   1.81453E+12 
 1.30760E+18   1.87048E+12 
 1.31480E+18   1.90813E+12 
 1.32210E+18   1.91127E+12 
 1.32950E+18   1.79056E+12 
 1.33680E+18   1.77177E+12 
 1.34410E+18   1.87121E+12 
 1.35150E+18   1.97582E+12 
 1.35890E+18   2.08406E+12 
 1.36630E+18   2.19563E+12 
 1.37380E+18   2.31164E+12 
 1.38120E+18   2.42838E+12 
 1.38870E+18   2.54806E+12 
 1.39620E+18   2.66788E+12 
 1.40370E+18   2.78609E+12 
 1.41120E+18   2.90019E+12 
 1.41880E+18   3.00792E+12 
 1.42640E+18   3.10178E+12 
 1.43390E+18   3.17100E+12 
 1.44160E+18   3.19684E+12 
 1.44920E+18   3.10713E+12 
 1.45690E+18   2.93517E+12 
 1.46450E+18   3.08997E+12 
 1.47220E+18   3.25221E+12 
 1.47990E+18   3.41944E+12 
 1.48770E+18   3.59341E+12 
 1.49540E+18   3.76884E+12 
 1.50320E+18   3.94919E+12 
 1.51100E+18   4.13069E+12 
 1.51880E+18   4.31114E+12 
 1.52670E+18   4.48982E+12 
 1.53450E+18   4.65791E+12 
 1.54240E+18   4.81324E+12 
 1.55030E+18   4.94297E+12 
 1.55820E+18   5.02811E+12 
 1.56610E+18   5.02399E+12 
 1.57410E+18   4.53175E+12 
 1.58210E+18   4.75047E+12 
 1.59010E+18   4.98776E+12 
 1.59810E+18   5.23200E+12 
 1.60610E+18   5.48227E+12 
 1.61420E+18   5.74071E+12 
 1.62230E+18   6.00258E+12 
 1.63040E+18   6.26575E+12 
 1.63850E+18   6.52705E+12 
 1.64660E+18   6.78231E+12 
 1.65480E+18   7.02841E+12 
 1.66300E+18   7.25292E+12 
 1.67120E+18   7.44090E+12 
 1.67940E+18   7.56559E+12 
 1.68760E+18   7.56467E+12 
 1.69590E+18   6.96222E+12 
 1.70420E+18   7.18008E+12 
 1.71250E+18   7.51960E+12 
 1.72080E+18   7.86768E+12 
 1.72910E+18   8.22301E+12 
 1.73750E+18   8.58806E+12 
 1.74590E+18   8.95594E+12 
 1.75430E+18   9.32312E+12 
 1.76270E+18   9.68447E+12 
 1.77120E+18   1.00371E+13 
 1.77960E+18   1.03627E+13 
 1.78810E+18   1.06527E+13 
 1.79660E+18   1.08763E+13 
 1.80510E+18   1.09793E+13 
 1.81370E+18   1.07883E+13 
 1.82220E+18   1.02100E+13 
 1.83080E+18   1.06735E+13 
 1.83940E+18   1.11480E+13 
 1.84800E+18   1.16318E+13 
 1.85670E+18   1.21279E+13 
 1.86530E+18   1.26217E+13 
 1.87400E+18   1.31196E+13 
 1.88270E+18   1.36092E+13 
 1.89150E+18   1.40865E+13 
 1.90020E+18   1.45272E+13 
 1.90900E+18   1.49199E+13 
 1.91780E+18   1.52233E+13 
 1.92660E+18   1.53652E+13 
 1.93540E+18   1.51207E+13 
 1.94420E+18   1.43547E+13 
 1.95310E+18   1.49769E+13 
 1.96200E+18   1.56122E+13 
 1.97090E+18   1.62577E+13 
 1.97980E+18   1.69094E+13 
 1.98880E+18   1.75698E+13 
 1.99770E+18   1.82166E+13 
 2.00670E+18   1.88545E+13 
 2.01570E+18   1.94621E+13 
 2.02470E+18   2.00181E+13 
 2.03380E+18   2.04940E+13 
 2.04290E+18   2.08219E+13 
 2.05190E+18   2.08630E+13 
 2.06110E+18   1.97872E+13 
 2.07020E+18   1.99550E+13 
 2.07930E+18   2.07672E+13 
 2.08850E+18   2.16014E+13 
 2.09770E+18   2.24442E+13 
 2.10690E+18   2.32887E+13 
 2.11610E+18   2.41265E+13 
 2.12540E+18   2.49546E+13 
 2.13460E+18   2.57384E+13 
 2.14390E+18   2.64698E+13 
 2.15320E+18   2.71014E+13 
 2.16260E+18   2.75688E+13 
 2.17190E+18   2.77148E+13 
 2.18130E+18   2.69395E+13 
 2.19070E+18   2.63768E+13 
 2.20010E+18   2.74129E+13 
 2.20950E+18   2.84638E+13 
 2.21900E+18   2.95338E+13 
 2.22840E+18   3.05924E+13 
 2.23790E+18   3.16505E+13 
 2.24740E+18   3.26814E+13 
 2.25700E+18   3.36718E+13 
 2.26650E+18   3.45681E+13 
 2.27610E+18   3.53359E+13 
 2.28570E+18   3.58683E+13 
 2.29530E+18   3.59440E+13 
 2.30490E+18   3.42330E+13 
 2.31460E+18   3.45915E+13 
 2.32430E+18   3.58959E+13 
 2.33390E+18   3.71994E+13 
 2.34370E+18   3.85343E+13 
 2.35340E+18   3.98479E+13 
 2.36310E+18   4.11366E+13 
 2.37290E+18   4.23903E+13 
 2.38270E+18   4.35621E+13 
 2.39250E+18   4.45997E+13 
 2.40240E+18   4.54243E+13 
 2.41220E+18   4.58473E+13 
 2.42210E+18   4.53482E+13 
 2.43200E+18   4.34218E+13 
 2.44190E+18   4.50055E+13 
 2.45180E+18   4.66056E+13 
 2.46180E+18   4.82283E+13 
 2.47180E+18   4.98425E+13 
 2.48180E+18   5.14294E+13 
 2.49180E+18   5.29629E+13 
 2.50180E+18   5.44042E+13 
 2.51190E+18   5.57089E+13 
 2.52190E+18   5.67580E+13 
 2.53200E+18   5.73904E+13 
 2.54210E+18   5.71028E+13 
 2.55230E+18   5.42285E+13 
 2.56240E+18   5.61335E+13 
 2.57260E+18   5.80750E+13 
 2.58280E+18   6.00203E+13 
 2.59300E+18   6.19526E+13 
 2.60330E+18   6.38673E+13 
 2.61350E+18   6.56933E+13 
 2.62380E+18   6.74194E+13 
 2.63410E+18   6.89556E+13 
 2.64440E+18   7.01807E+13 
 2.65480E+18   7.08635E+13 
 2.66510E+18   7.02960E+13 
 2.67550E+18   6.73820E+13 
 2.68590E+18   6.96738E+13 
 2.69630E+18   7.19792E+13 
 2.70670E+18   7.42818E+13 
 2.71720E+18   7.65794E+13 
 2.72770E+18   7.88184E+13 
 2.73820E+18   8.09551E+13 
 2.74870E+18   8.29232E+13 
 2.75920E+18   8.46225E+13 
 2.76980E+18   8.58867E+13 
 2.78040E+18   8.63017E+13 
 2.79100E+18   8.41270E+13 
 2.80160E+18   8.32938E+13 
 2.81220E+18   8.59959E+13 
 2.82290E+18   8.87252E+13 
 2.83360E+18   9.14328E+13 
 2.84430E+18   9.40867E+13 
 2.85500E+18   9.66397E+13 
 2.86570E+18   9.90280E+13 
 2.87650E+18   1.01172E+14 
 2.88730E+18   1.02881E+14 
 2.89810E+18   1.03824E+14 
 2.90890E+18   1.03017E+14 
 2.91980E+18   9.92768E+13 
 2.93060E+18   1.02415E+14 
 2.94150E+18   1.05586E+14 
 2.95240E+18   1.08735E+14 
 2.96330E+18   1.11826E+14 
 2.97430E+18   1.14834E+14 
 2.98520E+18   1.17635E+14 
 2.99620E+18   1.20171E+14 
 3.00720E+18   1.22239E+14 
 3.01820E+18   1.23495E+14 
 3.02930E+18   1.22992E+14 
 3.04030E+18   1.17908E+14 
 3.05140E+18   1.21559E+14 
 3.06250E+18   1.25210E+14 
 3.07370E+18   1.28863E+14 
 3.08480E+18   1.32410E+14 
 3.09600E+18   1.35855E+14 
 3.10720E+18   1.39082E+14 
 3.11840E+18   1.41958E+14 
 3.12960E+18   1.44271E+14 
 3.14080E+18   1.45606E+14 
 3.15210E+18   1.44723E+14 
 3.16340E+18   1.39659E+14 
 3.17470E+18   1.43834E+14 
 3.18600E+18   1.48000E+14 
 3.19740E+18   1.52151E+14 
 3.20870E+18   1.56164E+14 
 3.22010E+18   1.60034E+14 
 3.23150E+18   1.63617E+14 
 3.24290E+18   1.66746E+14 
 3.25440E+18   1.69148E+14 
 3.26590E+18   1.70172E+14 
 3.27730E+18   1.67454E+14 
 3.28890E+18   1.64869E+14 
 3.30040E+18   1.69605E+14 
 3.31190E+18   1.74308E+14 
 3.32350E+18   1.78965E+14 
 3.33510E+18   1.83465E+14 
 3.34670E+18   1.87708E+14 
 3.35830E+18   1.91542E+14 
 3.37000E+18   1.94753E+14 
 3.38160E+18   1.96826E+14 
 3.39330E+18   1.96612E+14 
 3.40500E+18   1.88564E+14 
 3.41680E+18   1.93953E+14 
 3.42850E+18   1.99269E+14 
 3.44030E+18   2.04555E+14 
 3.45210E+18   2.09689E+14 
 3.46390E+18   2.14572E+14 
 3.47570E+18   2.19061E+14 
 3.48760E+18   2.22951E+14 
 3.49940E+18   2.25774E+14 
 3.51130E+18   2.26647E+14 
 3.52320E+18   2.20515E+14 
 3.53520E+18   2.21362E+14 
 3.54710E+18   2.27325E+14 
 3.55910E+18   2.33258E+14 
 3.57110E+18   2.39038E+14 
 3.58310E+18   2.44552E+14 
 3.59510E+18   2.49650E+14 
 3.60720E+18   2.54131E+14 
 3.61920E+18   2.57504E+14 
 3.63130E+18   2.58926E+14 
 3.64350E+18   2.54542E+14 
 3.65560E+18   2.52161E+14 
 3.66770E+18   2.58805E+14 
 3.67990E+18   2.65410E+14 
 3.69210E+18   2.71837E+14 
 3.70430E+18   2.77970E+14 
 3.71660E+18   2.83676E+14 
 3.72880E+18   2.88599E+14 
 3.74110E+18   2.92344E+14 
 3.75340E+18   2.93842E+14 
 3.76570E+18   2.88592E+14 
 3.77800E+18   2.86700E+14 
 3.79040E+18   2.94112E+14 
 3.80280E+18   3.01401E+14 
 3.81510E+18   3.08414E+14 
 3.82760E+18   3.15181E+14 
 3.84000E+18   3.21325E+14 
 3.85250E+18   3.26623E+14 
 3.86490E+18   3.30403E+14 
 3.87740E+18   3.31368E+14 
 3.88990E+18   3.17180E+14 
 3.90250E+18   3.25397E+14 
 3.91500E+18   3.33474E+14 
 3.92760E+18   3.41445E+14 
 3.94020E+18   3.49127E+14 
 3.95280E+18   3.56349E+14 
 3.96550E+18   3.62892E+14 
 3.97810E+18   3.68237E+14 
 3.99080E+18   3.71641E+14 
 4.00350E+18   3.70761E+14 
 4.01620E+18   3.59558E+14 
 4.02890E+18   3.68483E+14 
 4.04170E+18   3.77349E+14 
 4.05450E+18   3.85967E+14 
 4.06730E+18   3.94185E+14 
 4.08010E+18   4.01767E+14 
 4.09290E+18   4.08368E+14 
 4.10580E+18   4.13393E+14 
 4.11870E+18   4.15415E+14 
 4.13160E+18   4.08100E+14 
 4.14450E+18   4.06744E+14 
 4.15740E+18   4.16430E+14 
 4.17040E+18   4.25978E+14 
 4.18340E+18   4.35151E+14 
 4.19640E+18   4.43742E+14 
 4.20940E+18   4.51418E+14 
 4.22240E+18   4.57654E+14 
 4.23550E+18   4.61406E+14 
 4.24860E+18   4.59390E+14 
 4.26170E+18   4.48480E+14 
 4.27480E+18   4.59075E+14 
 4.28790E+18   4.69470E+14 
 4.30110E+18   4.79582E+14 
 4.31430E+18   4.89124E+14 
 4.32750E+18   4.97771E+14 
 4.34070E+18   5.05024E+14 
 4.35390E+18   5.09923E+14 
 4.36720E+18   5.10004E+14 
 4.38050E+18   4.93980E+14 
 4.39380E+18   5.05506E+14 
 4.40710E+18   5.16828E+14 
 4.42050E+18   5.27860E+14 
 4.43380E+18   5.38229E+14 
 4.44720E+18   5.47754E+14 
 4.46060E+18   5.55849E+14 
 4.47400E+18   5.61554E+14 
 4.48750E+18   5.62546E+14 
 4.50090E+18   5.43537E+14 
 4.51440E+18   5.56015E+14 
 4.52790E+18   5.68269E+14 
 4.54140E+18   5.80119E+14 
 4.55500E+18   5.91420E+14 
 4.56860E+18   6.01717E+14 
 4.58210E+18   6.10401E+14 
 4.59570E+18   6.16567E+14 
 4.60940E+18   6.17608E+14 
 4.62300E+18   5.97546E+14 
 4.63670E+18   6.10991E+14 
 4.65040E+18   6.24171E+14 
 4.66410E+18   6.36884E+14 
 4.67780E+18   6.48877E+14 
 4.69150E+18   6.59743E+14 
 4.70530E+18   6.68918E+14 
 4.71910E+18   6.75098E+14 
 4.73290E+18   6.75088E+14 
 4.74670E+18   6.56214E+14 
 4.76060E+18   6.70636E+14 
 4.77440E+18   6.84615E+14 
 4.78830E+18   6.98148E+14 
 4.80220E+18   7.10806E+14 
 4.81620E+18   7.22208E+14 
 4.83010E+18   7.31395E+14 
 4.84410E+18   7.36941E+14 
 4.85810E+18   7.33891E+14 
 4.87210E+18   7.19942E+14 
 4.88610E+18   7.35208E+14 
 4.90020E+18   7.50140E+14 
 4.91420E+18   7.64280E+14 
 4.92830E+18   7.77431E+14 
 4.94240E+18   7.88913E+14 
 4.95650E+18   7.97688E+14 
 4.97070E+18   8.01487E+14 
 4.98490E+18   7.89190E+14 
 4.99910E+18   7.88907E+14 
 5.01330E+18   8.05063E+14 
 5.02750E+18   8.20647E+14 
 5.04170E+18   8.35316E+14 
 5.05600E+18   8.48691E+14 
 5.07030E+18   8.59855E+14 
 5.08460E+18   8.67285E+14 
 5.09900E+18   8.66843E+14 
 5.11330E+18   8.45884E+14 
 5.12770E+18   8.63332E+14 
 5.14210E+18   8.80287E+14 
 5.15650E+18   8.96435E+14 
 5.17090E+18   9.11360E+14 
 5.18540E+18   9.24461E+14 
 5.19980E+18   9.34404E+14 
 5.21430E+18   9.38706E+14 
 5.22880E+18   9.24442E+14 
 5.24340E+18   9.25240E+14 
 5.25790E+18   9.43401E+14 
 5.27250E+18   9.60950E+14 
 5.28710E+18   9.77376E+14 
 5.30170E+18   9.92055E+14 
 5.31630E+18   1.00400E+15 
 5.33100E+18   1.01124E+15 
 5.34570E+18   1.00724E+15 
 5.36040E+18   9.91068E+14 
 5.37510E+18   1.01052E+15 
 5.38980E+18   1.02928E+15 
 5.40460E+18   1.04710E+15 
 5.41930E+18   1.06316E+15 
 5.43410E+18   1.07674E+15 
 5.44890E+18   1.08601E+15 
 5.46380E+18   1.08630E+15 
 5.47860E+18   1.06091E+15 
 5.49350E+18   1.08165E+15 
 5.50840E+18   1.10171E+15 
 5.52330E+18   1.12071E+15 
 5.53830E+18   1.13820E+15 
 5.55320E+18   1.15305E+15 
 5.56820E+18   1.16383E+15 
 5.58320E+18   1.16639E+15 
 5.59820E+18   1.13531E+15 
 5.61320E+18   1.15717E+15 
 5.62830E+18   1.17849E+15 
 5.64340E+18   1.19871E+15 
 5.65850E+18   1.21727E+15 
 5.67360E+18   1.23325E+15 
 5.68870E+18   1.24501E+15 
 5.70390E+18   1.24870E+15 
 5.71910E+18   1.21436E+15 
 5.73430E+18   1.23748E+15 
 5.74950E+18   1.25985E+15 
 5.76470E+18   1.28109E+15 
 5.78000E+18   1.30068E+15 
 5.79530E+18   1.31754E+15 
 5.81060E+18   1.32991E+15 
 5.82590E+18   1.33362E+15 
 5.84120E+18   1.29816E+15 
 5.85660E+18   1.32249E+15 
 5.87190E+18   1.34588E+15 
 5.88730E+18   1.36814E+15 
 5.90280E+18   1.38862E+15 
 5.91820E+18   1.40597E+15 
 5.93370E+18   1.41844E+15 
 5.94910E+18   1.42104E+15 
 5.96470E+18   1.38720E+15 
 5.98020E+18   1.41258E+15 
 5.99570E+18   1.43702E+15 
 6.01130E+18   1.46020E+15 
 6.02690E+18   1.48116E+15 
 6.04250E+18   1.49872E+15 
 6.05810E+18   1.51053E+15 
 6.07370E+18   1.51014E+15 
 6.08940E+18   1.48141E+15 
 6.10510E+18   1.50790E+15 
 6.12080E+18   1.53331E+15 
 6.13650E+18   1.55704E+15 
 6.15220E+18   1.57823E+15 
 6.16800E+18   1.59551E+15 
 6.18380E+18   1.60570E+15 
 6.19960E+18   1.59860E+15 
 6.21540E+18   1.58110E+15 
 6.23120E+18   1.60845E+15 
 6.24710E+18   1.63465E+15 
 6.26300E+18   1.65884E+15 
 6.27890E+18   1.67994E+15 
 6.29480E+18   1.69604E+15 
 6.31080E+18   1.70289E+15 
 6.32670E+18   1.67469E+15 
 6.34270E+18   1.68643E+15 
 6.35870E+18   1.71466E+15 
 6.37470E+18   1.74124E+15 
 6.39080E+18   1.76549E+15 
 6.40690E+18   1.78584E+15 
 6.42290E+18   1.79956E+15 
 6.43900E+18   1.79959E+15 
 6.45520E+18   1.76745E+15 
 6.47130E+18   1.79749E+15 
 6.48750E+18   1.82633E+15 
 6.50370E+18   1.85310E+15 
 6.51990E+18   1.87667E+15 
 6.53610E+18   1.89512E+15 
 6.55240E+18   1.90438E+15 
 6.56860E+18   1.88575E+15 
 6.58490E+18   1.88353E+15 
 6.60120E+18   1.91428E+15 
 6.61750E+18   1.94322E+15 
 6.63390E+18   1.96961E+15 
 6.65030E+18   1.99172E+15 
 6.66660E+18   2.00654E+15 
 6.68310E+18   2.00612E+15 
 6.69950E+18   1.97308E+15 
 6.71590E+18   2.00557E+15 
 6.73240E+18   2.03666E+15 
 6.74890E+18   2.06532E+15 
 6.76540E+18   2.09028E+15 
 6.78190E+18   2.10925E+15 
 6.79850E+18   2.11699E+15 
 6.81500E+18   2.06906E+15 
 6.83160E+18   2.10050E+15 
 6.84820E+18   2.13339E+15 
 6.86490E+18   2.16427E+15 
 6.88150E+18   2.19160E+15 
 6.89820E+18   2.21382E+15 
 6.91490E+18   2.22671E+15 
 6.93160E+18   2.21583E+15 
 6.94830E+18   2.19936E+15 
 6.96510E+18   2.23410E+15 
 6.98180E+18   2.26661E+15 
 6.99860E+18   2.29621E+15 
 7.01540E+18   2.32094E+15 
 7.03230E+18   2.33759E+15 
 7.04910E+18   2.33635E+15 
 7.06600E+18   2.30232E+15 
 7.08290E+18   2.33866E+15 
 7.09980E+18   2.37301E+15 
 7.11670E+18   2.40441E+15 
 7.13370E+18   2.43139E+15 
 7.15070E+18   2.45075E+15 
 7.16770E+18   2.45480E+15 
 7.18470E+18   2.40964E+15 
 7.20170E+18   2.44744E+15 
 7.21880E+18   2.48355E+15 
 7.23580E+18   2.51655E+15 
 7.25290E+18   2.54524E+15 
 7.27000E+18   2.56668E+15 
 7.28720E+18   2.57410E+15 
 7.30430E+18   2.52123E+15 
 7.32150E+18   2.56069E+15 
 7.33870E+18   2.59822E+15 
 7.35590E+18   2.63279E+15 
 7.37310E+18   2.66293E+15 
 7.39040E+18   2.68597E+15 
 7.40770E+18   2.69527E+15 
 7.42500E+18   2.63777E+15 
 7.44230E+18   2.67856E+15 
 7.45960E+18   2.71735E+15 
 7.47700E+18   2.75337E+15 
 7.49440E+18   2.78478E+15 
 7.51180E+18   2.80874E+15 
 7.52920E+18   2.81873E+15 
 7.54660E+18   2.75891E+15 
 7.56410E+18   2.80118E+15 
 7.58150E+18   2.84115E+15 
 7.59900E+18   2.87820E+15 
 7.61660E+18   2.91056E+15 
 7.63410E+18   2.93494E+15 
 7.65170E+18   2.94452E+15 
 7.66920E+18   2.88505E+15 
 7.68680E+18   2.92848E+15 
 7.70440E+18   2.96970E+15 
 7.72210E+18   3.00772E+15 
 7.73970E+18   3.04036E+15 
 7.75740E+18   3.06469E+15 
 7.77510E+18   3.07243E+15 
 7.79280E+18   3.01628E+15 
 7.81060E+18   3.06104E+15 
 7.82830E+18   3.10309E+15 
 7.84610E+18   3.14163E+15 
 7.86390E+18   3.17446E+15 
 7.88170E+18   3.19778E+15 
 7.89960E+18   3.20157E+15 
 7.91740E+18   3.15277E+15 
 7.93530E+18   3.19844E+15 
 7.95320E+18   3.24135E+15 
 7.97110E+18   3.28007E+15 
 7.98910E+18   3.31251E+15 
 8.00700E+18   3.33376E+15 
 8.02500E+18   3.33023E+15 
 8.04300E+18   3.29457E+15 
 8.06100E+18   3.34096E+15 
 8.07910E+18   3.38442E+15 
 8.09710E+18   3.42290E+15 
 8.11520E+18   3.45405E+15 
 8.13330E+18   3.47182E+15 
 8.15150E+18   3.45285E+15 
 8.16960E+18   3.44171E+15 
 8.18780E+18   3.48885E+15 
 8.20590E+18   3.53206E+15 
 8.22410E+18   3.56988E+15 
 8.24240E+18   3.59881E+15 
 8.26060E+18   3.61038E+15 
 8.27890E+18   3.54405E+15 
 8.29720E+18   3.59421E+15 
 8.31550E+18   3.64149E+15 
 8.33380E+18   3.68440E+15 
 8.35210E+18   3.72054E+15 
 8.37050E+18   3.74552E+15 
 8.38890E+18   3.74600E+15 
 8.40730E+18   3.70122E+15 
 8.42570E+18   3.75169E+15 
 8.44420E+18   3.79895E+15 
 8.46260E+18   3.84064E+15 
 8.48110E+18   3.87414E+15 
 8.49960E+18   3.89254E+15 
 8.51810E+18   3.86700E+15 
 8.53670E+18   3.86386E+15 
 8.55530E+18   3.91452E+15 
 8.57380E+18   3.96063E+15 
 8.59240E+18   4.00035E+15 
 8.61110E+18   4.02926E+15 
 8.62970E+18   4.03589E+15 
 8.64840E+18   3.97816E+15 
 8.66710E+18   4.03182E+15 
 8.68580E+18   4.08187E+15 
 8.70450E+18   4.12642E+15 
 8.72330E+18   4.16259E+15 
 8.74200E+18   4.18338E+15 
 8.76080E+18   4.16266E+15 
 8.77960E+18   4.15131E+15 
 8.79840E+18   4.20450E+15 
 8.81730E+18   4.25338E+15 
 8.83620E+18   4.29512E+15 
 8.85510E+18   4.32510E+15 
 8.87400E+18   4.33101E+15 
 8.89290E+18   4.27361E+15 
 8.91180E+18   4.32964E+15 
 8.93080E+18   4.38196E+15 
 8.94980E+18   4.42818E+15 
 8.96880E+18   4.46482E+15 
 8.98780E+18   4.48410E+15 
 9.00690E+18   4.44677E+15 
 9.02600E+18   4.45767E+15 
 9.04500E+18   4.51266E+15 
 9.06420E+18   4.56296E+15 
 9.08330E+18   4.60478E+15 
 9.10240E+18   4.63275E+15 
 9.12160E+18   4.62945E+15 
 9.14080E+18   4.58827E+15 
 9.16000E+18   4.64627E+15 
 9.17920E+18   4.69956E+15 
 9.19850E+18   4.74589E+15 
 9.21780E+18   4.78042E+15 
 9.23710E+18   4.79184E+15 
 9.25640E+18   4.72238E+15 
 9.27570E+18   4.78280E+15 
 9.29510E+18   4.83918E+15 
 9.31440E+18   4.88884E+15 
 9.33380E+18   4.92844E+15 
 9.35320E+18   4.94935E+15 
 9.37270E+18   4.90833E+15 
 9.39210E+18   4.92251E+15 
 9.41160E+18   4.98146E+15 
 9.43110E+18   5.03447E+15 
 9.45060E+18   5.07814E+15 
 9.47010E+18   5.10572E+15 
 9.48970E+18   5.09372E+15 
 9.50930E+18   5.06588E+15 
 9.52890E+18   5.12719E+15 
 9.54850E+18   5.18288E+15 
 9.56810E+18   5.22995E+15 
 9.58780E+18   5.26271E+15 
 9.60740E+18   5.26411E+15 
 9.62710E+18   5.21256E+15 
 9.64690E+18   5.27630E+15 
 9.66660E+18   5.33438E+15 
 9.68630E+18   5.38431E+15 
 9.70610E+18   5.42108E+15 
 9.72590E+18   5.43082E+15 
 9.74570E+18   5.36330E+15 
 9.76560E+18   5.42898E+15 
 9.78540E+18   5.48918E+15 
 9.80530E+18   5.54179E+15 
 9.82520E+18   5.58165E+15 
 9.84510E+18   5.59698E+15 
 9.86510E+18   5.51827E+15 
 9.88500E+18   5.58539E+15 
 9.90500E+18   5.64776E+15 
 9.92500E+18   5.70240E+15 
 9.94500E+18   5.74468E+15 
 9.96500E+18   5.76384E+15 
 9.98510E+18   5.67689E+15 
 1.00050E+19   5.74531E+15 
 1.00250E+19   5.80908E+15 
 1.00450E+19   5.86530E+15 
 1.00660E+19   5.91132E+15 
 1.00860E+19   5.93211E+15 
 1.01060E+19   5.84032E+15 
 1.01260E+19   5.91019E+15 
 1.01460E+19   5.97504E+15 
 1.01670E+19   6.03496E+15 
 1.01870E+19   6.07963E+15 
 1.02070E+19   6.10204E+15 
 1.02270E+19   6.03930E+15 
 1.02480E+19   6.08015E+15 
 1.02680E+19   6.14579E+15 
 1.02880E+19   6.20374E+15 
